123
1234
06291632123
1234
06291632123
1234
06291632123
1234
06291632123
1234
06291632123
1234
06291632123
1234
06291632123
1234
06291632123
1234
06291632123
1234
06291632123
1234
06291632123
1234
06291632123
1234
06291632123
1234
06291632123
1234
06291632123
1234
06291632123
1234
06291632123
1234
06291632123
1234
06291632123
1234
06291632123
1234
06291632123
1234
06291632123
1234
06291632123
1234
06291632123
1234
06291632123
1234
06291632123
1234
06291632123
1234
06291632123
1234
06291632123
1234
06291632123
1234
06291632123
1234
06291632123
1234
06291632123
1234
06291632123
1234
06291632123
1234
06291632123
1234
06291632123
1234
06291632123
1234
06291632123
1234
06291632123
1234
06291632123
1234
06291632123
1234
06291632123
1234
06291632123
1234
06291632123
1234
06291632123
1234
06291632123
1234
06291632123
1234
06291632123
1234
06291632123
1234
06291632123
1234
06291632123
1234
06291632123
1234
06291632123
1234
06291632123
1234
06291632123
1234
06291632123
1234
06291632123
1234
06291632123
1234
06291632123
1234
06291632123
1234
06291632123
1234
06291632123
1234
06291632123
1234
06291632123
1234
06291632123
1234
06291632123
1234
06291632123
1234
06291632123
1234
06291632123
1234
06291632123
1234
06291632123
1234
06291632123
1234
06291632123
1234
06291632123
1234
06291632123
1234
06291632123
1234
06291632123
1234
06291632123
1234
06291632123
1234
06291632123
1234
06291632123
1234
06291632123
1234
06291632123
1234
06291632123
1234
06291632123
1234
06291632123
1234
06291632123
1234
06291632123
1234
06291632123
1234
06291632123
1234
06291632123
1234
06291632123
1234
06291632123
1234
06291632123
1234
06291632123
1234
06291632123
1234
06291632123
1234
06291632123
1234
06291632123
1234
06291632123
1234
06291632123
1234
06291632123
1234
06291632123
1234
06291632123
1234
06291632123
1234
06291632123
1234
06291632123
1234
06291632123
1234
06291632123
1234
06291632123
1234
06291632123
1234
06291632123
1234
06291632123
1234
06291632123
1234
06291632123
1234
06291632123
1234
06291632123
1234
06291632123
1234
06291632123
1234
06291632123
1234
06291632123
1234
06291632
